R Bessell 2005
// R Bandpass from Table 1 of Bessell's 2005 paper.
10625775071.3368 // Photon Flux (Vega), taken as zero-mag PFluxPerArea at zero magnitude.
520 0
530 0
540 0
550 0
560 0.247
570 0.78
580 0.942
590 0.998
600 1
610 0.974
620 0.94
630 0.901
640 0.859
650 0.814
660 0.76
670 0.713
680 0.662
690 0.605
700 0.551
710 0.497
720 0.446
730 0.399
740 0.35
750 0.301
760 0.257
770 0.215
780 0.177
790 0.144
800 0.116
810 0.089
820 0.066
830 0.051
840 0.039
850 0.03
860 0.021
870 0.014
880 0.008
890 0.006
900 0.003
910 0
920 0
930 0
940 0